[commPorts]
commPortWinch1=/dev/ttyRP0
commPortWinch2=/dev/ttyRP1
commPortWinch3=/dev/ttyRP2
commPortWinch4=/dev/ttyRP3
commPortPTR=/dev/ttyRP4

[savedPosition]
savedPositionX=-1.9990177154541016
savedPositionY=1198.6019287109375
savedPositionZ=498.7205810546875

[survey]
surveyP1X=-4350
surveyP1Y=2480
surveyP1Z=2100
surveyP2X=-5460
surveyP2Y=2490
surveyP2Z=-658
surveyP3X=5440
surveyP3Y=2490
surveyP3Z=-688
surveyP4X=4340
surveyP4Y=2500
surveyP4Z=2070

[boundary]
boundaryXmax=3000
boundaryXmin=-3000
boundaryYmax=1200
boundaryYmin=300
boundaryZmax=1000
boundaryZmin=-300
