[commPorts]
commPortWinch1=/dev/ttyRP0
commPortWinch2=/dev/ttyRP1
commPortWinch3=/dev/ttyRP2
commPortWinch4=/dev/ttyRP3
commPortPTR=/dev/ttyRP4

[savedPosition]
savedPositionX=-272.1585693359375
savedPositionY=203.66822814941406
savedPositionZ=-37.853748321533203

[survey]
surveyP1X=-3730
surveyP1Y=3365.000244140625
surveyP1Z=484
surveyP2X=-3745
surveyP2Y=3409.999755859375
surveyP2Z=-528
surveyP3X=3750
surveyP3Y=3409.999755859375
surveyP3Z=-556
surveyP4X=3745
surveyP4Y=3345
surveyP4Z=454

[boundary]
boundaryXmax=2000
boundaryXmin=-2000
boundaryYmax=1300
boundaryYmin=335
boundaryZmax=100
boundaryZmin=-100
