[commPorts]
commPortWinch1=/dev/ttyRP0
commPortWinch2=/dev/ttyRP1
commPortWinch3=/dev/ttyRP2
commPortWinch4=/dev/ttyRP3
commPortPTR=/dev/ttyRP4

[savedPosition]
savedPositionX=1611.183837890625
savedPositionY=1567.9664306640625
savedPositionZ=-1276.3955078125

[survey]
surveyP1X=-6242
surveyP1Y=5575
surveyP1Z=5240
surveyP2X=-6494.99951171875
surveyP2Y=5599
surveyP2Z=-7215
surveyP3X=6300
surveyP3Y=5602
surveyP3Z=-6794
surveyP4X=6428
surveyP4Y=5596
surveyP4Z=5105

[boundary]
boundaryXmax=3800
boundaryXmin=-4000
boundaryYmax=3500
boundaryYmin=600
boundaryZmax=300
boundaryZmin=-1900
